1
22
55
50000.0 50.0 0.0 50.0 50.0 0.0 0.0 0.0 0.0 0.0 0.0 0.0 0.0 0.0 0.0 0.0 0.0 0.0 0.0 0.0 0.0 0.0
0 1 0 1 22 0 1 2 3 4 5 6 7 8 9 10 11 12 13 14 15 16 17 18 19 20 21 1 0 1 0 1 0 1 1 1 0 1 1 1 2 1 0 1 2 1 3 1 0 1 3 1 4 1 0 1 4 1 5 1 0 2 5 21 1 6 1 0 2 6 21 1 7 1 0 2 7 21 1 8 1 0 2 8 21 1 9 1 0 2 1 9 1 10 1 0 2 1 10 1 11 1 0 2 1 11 1 12 1 0 2 2 12 1 13 1 0 2 2 13 1 14 1 0 2 2 14 1 15 1 0 2 3 15 1 16 1 0 2 3 16 1 17 1 0 2 3 17 1 18 1 0 2 4 18 1 19 1 0 2 4 19 1 20 1 0 2 4 20 1 21 1 0 1 21 1 0 1 1 1 1 8 0 1 2 3 4 12 15 18 1 0 1 1 2 1 8 0 1 2 3 4 9 16 19 1 0 1 1 3 1 7 0 1 2 4 10 13 20 1 0 1 1 4 1 8 0 1 2 3 4 11 14 17 1 1 1 1 5 1 1 1 1 2 1 1 6 1 1 2 1 3 1 1 7 1 1 3 1 4 1 1 8 1 1 4 1 5 1 1 9 1 9 1 2 3 4 5 9 16 19 21 1 5 1 1 10 1 9 1 2 3 4 5 10 13 20 21 1 5 1 1 11 1 9 1 2 3 4 5 11 14 17 21 1 6 1 1 12 1 9 1 2 3 4 6 12 15 18 21 1 6 1 1 13 1 9 1 2 3 4 6 10 13 20 21 1 6 1 1 11 1 9 1 2 3 4 6 11 14 17 21 1 7 1 1 15 1 9 1 2 3 4 7 12 15 18 21 1 7 1 1 16 1 9 1 2 3 4 7 9 16 19 21 1 7 1 1 17 1 9 1 2 3 4 7 11 14 17 21 1 8 1 1 18 1 9 1 2 3 4 8 12 15 18 21 1 8 1 1 19 1 9 1 2 3 4 8 9 16 19 21 1 8 1 1 20 1 9 1 2 3 4 8 10 13 20 21 1 9 1 1 21 1 2 1 9 1 10 1 1 21 1 2 1 10 1 11 1 1 21 1 2 1 11 1 12 1 1 21 1 2 2 12 1 13 1 1 21 1 2 2 13 1 14 1 1 21 1 2 2 14 1 15 1 1 21 1 2 3 15 1 16 1 1 21 1 2 3 16 1 17 1 1 21 1 2 3 17 1 18 1 1 21 1 2 4 18 1 19 1 1 21 1 2 4 19 1 20 1 1 21 1 2 4 20 
0.0142857142857 0.0142857142857 0.0142857142857 0.0142857142857 0.0142857142857 0.0142857142857 0.0142857142857 0.0142857142857 0.0142857142857 0.0142857142857 0.0142857142857 0.0142857142857 0.0142857142857 0.0142857142857 0.0142857142857 0.0142857142857 0.0142857142857 0.0142857142857 0.0142857142857 0.0142857142857 0.0142857142857 0.0142857142857 0.0142857142857 400.0 400.0 400.0 400.0 0.1 0.1 0.1 0.1 400.0 400.0 400.0 400.0 400.0 400.0 400.0 400.0 400.0 400.0 400.0 400.0 0.1 0.1 0.1 0.1 0.1 0.1 0.1 0.1 0.1 0.1 0.1 0.1 
22
0 1 2 3 4 5 6 7 8 9 10 11 12 13 14 15 16 17 18 19 20 21
55
0 1 2 3 4 5 6 7 8 9 10 11 12 13 14 15 16 17 18 19 20 21 22 23 24 25 26 27 28 29 30 31 32 33 34 35 36 37 38 39 40 41 42 43 44 45 46 47 48 49 50 51 52 53 54
0
0

0
100
0.0 1.0101010101 2.0202020202 3.0303030303 4.0404040404 5.05050505051 6.06060606061 7.07070707071 8.08080808081 9.09090909091 10.101010101 11.1111111111 12.1212121212 13.1313131313 14.1414141414 15.1515151515 16.1616161616 17.1717171717 18.1818181818 19.1919191919 20.202020202 21.2121212121 22.2222222222 23.2323232323 24.2424242424 25.2525252525 26.2626262626 27.2727272727 28.2828282828 29.2929292929 30.303030303 31.3131313131 32.3232323232 33.3333333333 34.3434343434 35.3535353535 36.3636363636 37.3737373737 38.3838383838 39.3939393939 40.404040404 41.4141414141 42.4242424242 43.4343434343 44.4444444444 45.4545454545 46.4646464646 47.4747474747 48.4848484848 49.4949494949 50.5050505051 51.5151515152 52.5252525253 53.5353535354 54.5454545455 55.5555555556 56.5656565657 57.5757575758 58.5858585859 59.595959596 60.6060606061 61.6161616162 62.6262626263 63.6363636364 64.6464646465 65.6565656566 66.6666666667 67.6767676768 68.6868686869 69.696969697 70.7070707071 71.7171717172 72.7272727273 73.7373737374 74.7474747475 75.7575757576 76.7676767677 77.7777777778 78.7878787879 79.797979798 80.8080808081 81.8181818182 82.8282828283 83.8383838384 84.8484848485 85.8585858586 86.8686868687 87.8787878788 88.8888888889 89.898989899 90.9090909091 91.9191919192 92.9292929293 93.9393939394 94.9494949495 95.9595959596 96.9696969697 97.9797979798 98.9898989899 100.0
795329925 1013451732 1061884032 661301341 1056902804 466368305 79788671 32553336 1025864414 112994376 449775984 377667987 232240343 552482219 670725721 529042873 495239024 628901316 656871281 90613456 489344943 112702234 47172269 522309021 348842214 392587387 312046414 504698996 539499384 789481243 174810866 607761075 184913402 428505353 868074772 976234421 635911465 927798958 542916943 818472247 12933536 707989821 1022366392 726493078 271949818 130551443 676277832 781580376 201977096 669319009 894601100 831047729 732490852 955051162 416130039 351154481 164661859 966562320 11251218 623404447 347070650 157888460 1066316766 412319818 361874057 985686438 622162070 662019991 772965718 427880539 665168054 876742014 31628089 250732117 961439846 264522530 821036840 769983400 52521732 325615032 182666932 100881539 459549176 489479818 122568691 224256619 866915032 715871680 248071025 312565891 821046673 334584123 897575339 440277072 902828569 287714039 154374488 961764605 715294603 447832364 673035608 3184190 878424248 886784031 883828610 35783432 326568742 538319379 64943659 822325509 96829844 598059076 972109686 911372267 808384075 968741128 807145494 644262993 817473016 1012781869 80505238 741941779 879630230 727494078 978612704 478115352 351383755 132467343 969738996 544039131 572587565 959983222 925837815 386798596 623025595 732161398 498545527 883990827 370320159 212428830 168755002 886291246 108037580 547715907 830958658 104270454 879523496 760538114 853356964 342554520 746795340 768200659 304324005 770085551 1069475700 1057511435 867292443 685154383 559985139 661675627 117012255 586887733 722178559 473660387 571365009 32173435 490641564 981123456 904287939 1009682318 244164101 504371962 18043489 380429405 1012298985 651300452 408798134 83426890 280019522 349729060 925920350 662465003 424713461 730127137 650036787 187196829 490541871 196025416 10557108 973502374 930378994 277135294 522821561 14839020 995871041 720935399 845995256 220759907 394673607 354593759 578830097 87651233 81141192 148119909 347567129 354062544 389916106 752673479 359400045 557227476 307360192 248476228 67131211 946902241 289899548 285388997 779286757 991023915 100660113 624733437 322718262 347302394 925332619 557944251 445354550 1014382236 262357862 665729434 895871359 29406401 853549319 339176241 203816628 221234374 982743428 110124093 489352457 450497317 86637844 847501985 987048091 769890853 118465869 120268033 795318425 858547778 637442806 24699803 930956817 93926541 139580829 389223873 697750920 321491964 828880326 575029987 285004993 885344655 908284340 821545151 821799732 515761501 104027077 237975394 683175044 479891782 241255071 225726826 459296669 479037809 890244152 853491871 863063586 971839219 501444217 988951808 989993041 727567715 182958770 401522951 571396657 942177940 898481825 849523913 333267032 192816521 528718102 262588222 773591693 205346078 702630352 812119764 643719546 882953236 195436092 98275598 535704184 800102573 342027394 525441341 99992574 787108180 347542546 136355046 197102508 1013146166 807224615 694291857 350240896 277085471 405944217 841116224 566937498 771133861 5217079 528261407 1054936673 483287926 35137098 673280041 699155723 73849528 405945900 869878187 489372351 237444080 788886954 743901433 1005194304 187103225 969216126 440728963 875858051 774368457 1058043126 454622554 1020073804 503593314 434098450 393037274 859172017 28184907 374707815 291736728 921231581 943833888 982923691 8432641 945642873 876929419 254903427 428445611 252715652 577969862 78632622 345613347 1062946986 264766209 711776439 1053291818 489834605 483381633 814145100 213267609 703482110 598542757 648918042 841927327 687421084 710528458 876020220 274721521 986707301 691925862 480910425 147329228 90942485 913746699 696947017 8842727 800846841 258535042 755035337 1055531993 894244436 245003972 167442473 219817333 783057680 851533541 471019821 197403565 579997531 415863655 136333774 316001873 783601391 479585657 721535642 519155897 372460849 334718078 27136029 1070168238 452800230 443046525 1053771289 728231958 103103981 458632290 166715574 573654196 751206226 84188488 746352138 91975101 1066323326 1022621082 347569522 674313638 423855483 214553926 581163451 891061355 395453400 436691084 992337841 711470873 362624138 177840792 508648553 743109910 367444357 1006218509 966718168 488918869 538129641 691290812 991622048 800355944 982602470 759997969 402906685 647953949 42361018 98311732 592203629 168165784 1027854349 579107596 300818972 84904005 687448040 282437515 60367770 655123591 419773989 491059202 330555302 685050712 86950856 947537767 214867166 702840551 930173041 214073786 71500405 1040005939 674399449 946039004 521892739 449623370 453577128 677807252 454595516 27197967 535738393 10283268 287187023 899103099 763317216 399531064 336515560 292216818 231961513 546570431 161391743 1014958524 836982488 126981990 274018574 386728891 1019439235 302398685 977169762 687955861 916603734 1013708894 505218977 357759500 1065198338 852783216 933384993 421098866 375935784 509729689 803620605 858912330 709180267 862033291 180289154 967737791 78543766 328144759 311641496 841472773 601508241 775877716 862107026 91960793 85881181 685700890 466555584 912126761 590368690 573741817 6948046 1011445688 222273121 532041876 203594653 318013355 120490957 925653627 806920946 859488545 60471701 517088949 583533378 887339656 760989165 662767812 516572604 449770180 468985325 568103309 512387867 239302450 438923629 1009295740 14417523 560135377 207989701 980224430 587507434 240719387 156539535 751004540 922458649 666778224 912985708 140146851 29294448 456290642 294685720 87951089 7899359 322293443 432368559 952418667 690014341 150039131 219254988 931657875 219560331 943448263 1002145061 725211474 1065413619 1003986748 53084261 109422332 14608381 782955754 479011390 285581174 964623419 16011179 133975179 51979868 379756348 184886646 627403560 254258289 645604657 129578489 53228350 81375984 51511242 454340915 135663175 30933948 985762015 372717982 542788414 33084461 723630103 536187732 688450632 14864867 697030432 326277579 595857896 839729346 617020052 94858386 996600070 194017867 559109100 525404133 9183234 1041301989 262780560 1051732160 333
1
